45
579 61
579 63
579 66
581 77
588 94
595 112
601 130
612 155
620 175
623 184
632 206
632 235
638 225
642 242
649 258
653 271
657 285
660 297
663 307
666 312
667 317
667 318
668 319
669 322
671 324
673 328
674 330
677 334
678 334
680 337
683 341
686 345
691 349
693 352
697 354
699 356
701 357
702 358
702 359
703 359
704 360
705 361
707 362
708 363
709 364
191
67 62
67 63
67 64
67 66
67 74
67 88
69 106
70 119
71 757
71 761
71 767
71 768
71 771
71 779
71 793
71 808
71 815
71 826
71 828
71 834
72 746
73 127
73 130
73 132
73 841
74 135
74 137
74 140
74 850
75 734
76 144
76 149
76 153
76 157
76 168
76 179
76 722
76 860
77 185
77 710
77 865
77 868
78 189
78 874
79 191
79 217
79 220
79 226
79 231
79 232
79 234
79 237
79 240
79 242
79 248
79 254
79 259
79 261
79 264
80 194
80 196
80 201
80 206
80 210
80 211
80 213
80 214
80 268
80 463
81 272
81 694
81 880
82 687
82 887
83 276
84 892
85 894
85 896
86 290
86 673
88 900
89 299
90 905
92 907
94 308
94 655
95 915
97 314
97 316
97 921
98 318
98 319
99 320
99 924
100 925
100 927
101 324
101 637
101 929
104 934
105 622
106 333
108 937
109 340
109 608
112 348
112 940
113 597
115 351
115 593
115 943
117 584
118 354
118 579
119 946
121 574
122 359
124 362
124 565
127 556
127 950
128 368
131 952
133 373
133 545
133 953
134 953
135 376
136 954
137 379
137 954
138 536
138 956
139 380
140 957
142 383
142 384
142 960
143 529
144 387
146 389
148 966
149 392
151 517
152 395
152 968
153 397
155 971
156 399
160 402
160 973
161 504
161 974
162 974
163 405
163 975
164 975
165 406
166 406
166 976
166 977
168 496
169 408
170 409
172 411
173 412
173 413
174 488
175 414
176 415
176 416
177 483
178 483
179 418
180 419
180 480
181 421
181 477
183 422
183 473
185 425
185 464
185 466
185 468
186 427
186 431
186 434
186 437
186 445
186 455
186 462
97
320 989
324 989
331 986
340 983
355 981
372 979
383 976
397 974
405 971
420 968
438 964
456 962
465 960
472 960
476 939
477 960
479 960
485 959
491 957
496 956
498 956
500 956
503 956
505 956
510 956
515 955
521 953
529 952
538 951
549 948
559 947
569 944
576 944
579 944
582 943
585 943
587 942
588 942
590 941
592 940
595 940
600 937
602 936
610 932
617 927
625 922
635 912
639 905
644 896
648 885
649 881
652 868
654 857
657 845
659 837
660 832
662 827
663 820
666 812
667 808
668 799
670 792
671 786
672 779
673 773
675 765
675 767
677 760
678 756
680 753
680 754
681 752
683 751
684 748
684 750
687 744
688 741
689 738
689 739
690 736
690 737
691 715
691 732
691 733
691 734
692 715
692 729
692 730
693 715
693 716
693 718
693 720
693 721
693 723
693 725
693 727
693 728
147
243 795
244 794
245 794
246 794
247 794
252 792
256 790
259 790
261 789
264 109
264 789
265 109
266 788
269 786
272 785
273 113
277 784
284 781
287 125
294 777
305 140
307 771
320 763
324 157
333 756
335 165
344 751
348 495
348 496
348 497
349 748
350 495
351 493
351 494
351 501
352 180
352 493
354 492
356 491
357 490
357 744
358 508
360 489
364 485
364 512
365 742
367 481
368 193
372 519
372 739
375 469
380 203
380 461
380 733
383 527
386 529
390 216
391 450
391 725
393 535
398 228
398 446
398 720
401 233
401 540
403 235
405 443
407 241
410 712
411 246
411 628
412 439
412 547
415 250
416 436
418 255
420 551
421 431
425 555
425 704
426 427
427 263
429 557
430 267
431 422
433 561
435 563
437 697
438 565
439 275
440 567
441 411
442 569
445 571
446 283
450 688
451 577
453 289
453 400
455 292
458 294
458 584
462 298
462 392
463 677
464 300
467 303
467 593
469 383
469 673
470 307
473 310
473 377
473 601
474 668
475 312
475 604
476 314
478 369
480 319
481 319
481 610
482 363
484 323
486 355
487 656
488 328
488 619
491 350
491 624
492 336
495 339
495 341
495 342
495 346
495 646
496 628
497 630
497 631
497 632
498 634
499 635
499 636
499 637
499 638
499 639
499 640
